1 90.00 0.00
2 71.17 -156.47
3 64.51 -147.43
4 61.13 -149.53
5 58.20 -134.27
6 49.16 -123.07
7 53.33 -113.28
8 51.03 -114.05
9 50.25 -104.39
10 52.07 -106.38
11 49.53 -97.09
12 58.46 -94.10
13 43.39 -79.23
14 45.25 -75.42
15 45.31 -73.34
16 46.49 -71.14
17 44.39 -63.36
18 47.34 -52.43
19 47.36 -122.20
20 47.40 -117.23
21 38.35 -121.30
22 37.48 -122.24
23 34.03 -118.15
24 32.43 -117.09
25 40.46 -111.53
26 33.27 -112.05
27 39.43 -105.01
28 35.05 -106.40
29 31.45 -106.29
30 46.47 -92.06
31 44.59 -93.13
32 41.16 -95.57
33 39.07 -94.39
34 35.28 -97.32
35 32.47 -96.48
36 29.46 -95.22
37 43.02 -87.55
38 41.53 -87.38
39 38.39 -90.25
40 35.08 -90.03
41 29.58 -90.07
42 42.20 -83.03
43 40.26 -80.00
44 39.06 -84.31
45 33.45 -84.23
46 42.21 -71.04
47 40.43 -74.01
48 39.57 -75.07
49 38.54 -77.01
50 30.20 -81.40
51 25.46 -80.12
52 25.05 -77.21
53 28.38 -106.05
54 25.33 -103.26
55 25.40 -100.19
56 22.13 -97.51
57 22.09 -100.59
58 20.40 -103.20
59 19.24 -99.09
60 19.03 -98.12
61 19.20 -96.40
62 16.51 -99.55
63 17.03 -96.43
64 17.59 -92.55
65 20.58 -89.37
66 17.30 -88.12
67 14.38 -90.31
68 13.42 -89.12
69 14.06 -87.13
70 12.09 -86.17
71 9.56 -84.05
72 8.58 -79.32
73 23.08 -82.22
74 22.24 -79.58
75 20.01 -75.49
76 18.00 -76.48
77 18.32 -72.20
78 18.28 -69.54
79 18.28 -66.07
80 14.36 -61.05
81 13.06 -59.37
82 10.39 -61.31
83 12.06 -68.56
84 4.56 -52.20
85 5.50 -55.10
86 6.48 -58.10
87 10.30 -66.56
88 10.40 -71.37
89 10.59 -74.48
90 6.15 -75.35
91 4.36 -74.05
92 3.27 -76.31
93 -0.56 -91.01
94 -0.13 -78.30
95 -1.40 -78.38
96 -2.10 -79.50
97 -3.46 -73.15
98 -8.07 -79.02
99 -12.03 -77.03
100 -13.31 -71.59
101 -16.24 -71.33
102 -16.30 -68.09
103 -17.48 -63.10
104 -19.35 -65.45
105 -23.39 -70.24
106 -33.27 -70.40
107 -36.50 -73.03
108 -53.09 -70.55
109 -51.42 -57.51
110 -38.43 -62.17
111 -38.00 -57.33
112 -34.50 -56.12
113 -34.36 -58.27
114 -32.57 -60.40
115 -31.24 -64.11
116 -32.53 -68.49
117 -26.49 -65.13
118 -25.16 -57.40
119 -30.04 -51.11
120 -27.35 -48.34
121 -25.25 -49.15
122 -23.32 -46.37
123 -22.54 -43.14
124 -20.23 -43.30
125 -19.55 -43.56
126 -20.27 -54.37
127 -15.35 -56.05
128 -16.40 -49.16
129 -15.47 -47.55
130 -12.59 -38.31
131 -8.03 -34.54
132 -5.47 -35.13
133 -3.43 -38.30
134 -5.05 -42.49
135 -2.31 -44.16
136 -1.27 -48.29
137 -3.08 -60.01
138 -8.46 -63.54
139 14.55 -23.31
140 28.06 -15.24
141 32.38 -16.54
142 31.38 -8.00
143 33.39 -7.35
144 34.02 -6.51
145 34.05 -4.57
146 35.48 -5.45
147 35.43 -0.43
148 36.47 3.03
149 22.56 5.30
150 36.22 6.37
151 36.48 10.11
152 34.44 10.46
153 32.54 13.11
154 32.07 20.04
155 31.12 29.54
156 31.16 32.18
157 29.58 32.33
158 30.03 31.15
159 24.05 32.53
160 19.37 37.14
161 15.36 32.32
162 13.11 30.13
163 13.38 25.21
164 15.20 38.53
165 9.00 38.50
166 11.36 43.09
167 18.06 -15.57
168 14.40 -17.26
169 13.28 -16.39
170 11.51 -15.35
171 16.46 -3.01
172 12.39 -8.00
173 10.23 -9.18
174 9.31 -13.43
175 8.30 -13.15
176 6.18 -10.47
177 5.19 -4.02
178 6.41 -1.35
179 5.33 -0.13
180 6.08 1.13
181 6.29 2.37
182 12.22 -1.31
183 13.31 2.07
184 12.00 8.30
185 11.51 13.10
186 12.07 15.03
187 6.27 3.24
188 6.27 7.27
189 0.20 6.44
190 3.45 8.47
191 3.52 11.31
192 4.22 18.35
193 0.23 9.27
194 -4.16 15.17
195 -4.18 15.18
196 0.04 18.16
197 -5.54 22.25
198 0.30 25.12
199 -3.23 29.22
200 -1.57 30.04
201 0.19 32.25
202 -1.17 36.49
203 2.01 45.20
204 -4.03 39.40
205 -6.10 39.11
206 -6.48 39.17
207 -8.48 13.14
208 -12.44 15.47
209 -11.40 27.28
210 -12.49 28.13
211 -15.25 28.17
212 -20.09 28.36
213 -17.50 31.03
214 -15.47 35.00
215 -19.49 34.52
216 -25.58 32.35
217 -15.57 -5.42
218 -37.15 -12.30
219 -22.59 14.31
220 -22.34 17.06
221 -26.38 15.10
222 -24.45 25.55
223 -25.45 28.10
224 -26.15 28.00
225 -29.12 26.07
226 -29.55 30.56
227 -33.00 27.55
228 -33.58 25.40
229 -33.55 18.22
230 -23.21 43.40
231 -18.55 47.31
232 -12.16 49.17
233 -20.10 57.30
234 -4.38 55.27
235 37.44 -25.40
236 38.43 -9.08
237 41.11 -8.36
238 37.23 -5.59
239 36.32 -6.18
240 36.43 -4.25
241 37.13 -3.41
242 37.53 -4.46
243 38.21 -0.29
244 39.28 -0.22
245 41.23 2.11
246 41.38 -0.53
247 40.24 -3.41
248 41.39 -4.43
249 43.15 -2.58
250 43.22 -8.23
251 38.54 1.26
252 39.34 2.39
253 42.30 1.31
254 44.50 -0.34
255 43.36 1.26
256 43.18 5.24
257 43.42 7.15
258 43.42 7.23
259 42.42 9.27
260 45.50 1.16
261 45.26 4.24
262 45.45 4.51
263 45.10 5.43
264 48.24 -4.29
265 48.05 -1.41
266 47.13 -1.33
267 47.23 0.41
268 49.30 0.08
269 48.52 2.20
270 49.15 4.02
271 47.19 5.01
272 48.41 6.12
273 48.35 7.45
274 49.36 6.09
275 50.38 5.34
276 50.50 4.20
277 50.38 3.04
278 51.03 3.43
279 51.13 4.25
280 51.26 5.28
281 51.55 4.28
282 52.22 4.54
283 52.05 5.08
284 53.13 6.33
285 50.23 -4.10
286 50.43 -1.54
287 50.50 -0.08
288 51.29 -3.13
289 51.27 -2.35
290 51.30 -0.10
291 52.30 -1.50
292 53.25 -2.55
293 53.30 -2.15
294 53.23 -1.30
295 53.50 -1.35
296 54.59 -1.35
297 55.57 -3.13
298 55.53 -4.15
299 56.28 -3.00
300 57.10 -2.04
301 60.09 -1.09
302 62.01 -6.46
303 51.54 -8.28
304 52.40 -8.38
305 53.20 -6.15
306 54.35 -5.55
307 55.00 -7.19
308 64.09 -21.51
309 64.11 -51.44
310 76.34 -68.47
311 70.40 23.42
312 68.26 17.25
313 65.01 25.28
314 61.30 23.45
315 60.27 22.17
316 60.10 24.58
317 63.25 10.25
318 60.23 5.20
319 58.58 5.45
320 59.55 10.45
321 57.43 11.58
322 55.36 13.00
323 58.25 15.37
324 59.20 18.03
325 57.38 18.18
326 56.09 10.13
327 55.24 10.23
328 55.40 12.35
329 53.04 8.49
330 53.33 9.59
331 54.20 10.08
332 54.05 12.07
333 51.57 7.37
334 52.24 9.44
335 52.07 11.38
336 52.31 13.24
337 50.47 6.05
338 50.44 7.05
339 50.56 6.59
340 51.12 6.47
341 51.17 7.17
342 51.28 7.01
343 51.28 7.13
344 51.32 7.13
345 51.31 7.28
346 51.19 9.29
347 50.58 11.01
348 51.29 11.58
349 51.19 12.20
350 50.50 12.55
351 51.03 13.44
352 49.14 6.59
353 50.07 8.40
354 49.25 8.43
355 49.48 9.56
356 49.27 11.04
357 49.03 8.24
358 48.46 9.11
359 49.01 12.06
360 48.08 11.34
361 46.12 6.09
362 46.31 6.38
363 46.57 7.26
364 47.33 7.35
365 47.23 8.32
366 47.16 11.24
367 47.48 13.02
368 48.18 14.18
369 48.13 16.20
370 47.05 15.27
371 45.03 7.40
372 45.28 9.12
373 45.27 11.00
374 45.27 12.21
375 45.40 13.46
376 44.25 8.57
377 44.29 11.20
378 43.46 11.15
379 43.55 12.28
380 39.20 9.00
381 41.54 12.29
382 40.51 14.17
383 41.27 15.34
384 41.07 16.52
385 40.28 17.15
386 38.11 15.33
387 37.30 15.06
388 38.07 13.21
389 35.54 14.31
390 53.24 14.32
391 54.23 18.40
392 53.08 18.00
393 52.25 16.55
394 51.46 19.30
395 52.15 21.00
396 53.09 23.09
397 51.06 17.00
398 50.16 19.00
399 50.03 19.58
400 51.15 22.35
401 49.45 13.23
402 50.05 14.26
403 49.50 18.17
404 49.12 16.37
405 48.09 17.07
406 48.43 21.15
407 47.30 19.05
408 47.32 21.38
409 46.05 18.13
410 46.15 20.09
411 45.45 21.13
412 46.47 23.36
413 47.10 27.35
414 45.48 24.09
415 45.39 25.37
416 44.26 26.06
417 44.11 28.39
418 46.03 14.31
419 45.20 14.27
420 45.48 15.58
421 43.31 16.27
422 43.52 18.25
423 44.50 20.30
424 42.38 18.07
425 41.59 21.26
426 41.20 19.50
427 42.41 23.19
428 42.09 24.45
429 43.13 27.55
430 42.30 27.28
431 39.36 19.56
432 40.38 22.56
433 38.15 21.44
434 37.58 23.43
435 35.20 25.09
436 35.10 33.22
437 68.58 33.05
438 64.34 40.32
439 59.55 30.15
440 59.25 24.45
441 56.57 24.06
442 54.43 20.30
443 54.41 25.19
444 53.54 27.34
445 49.50 24.00
446 50.26 30.31
447 46.28 30.44
448 55.45 37.35
449 56.20 44.00
450 55.45 49.08
451 53.12 50.09
452 51.40 39.10
453 50.00 36.15
454 48.27 34.59
455 44.36 33.32
456 47.14 39.42
457 48.44 44.25
458 46.21 48.03
459 41.43 44.49
460 40.11 44.30
461 40.23 49.51
462 58.00 56.15
463 56.51 60.36
464 67.27 63.58
465 69.20 88.06
466 55.00 73.24
467 55.02 82.55
468 56.01 92.50
469 49.50 73.10
470 43.15 76.57
471 41.20 69.18
472 39.40 66.48
473 38.35 68.48
474 43.48 87.35
475 52.16 104.20
476 47.55 106.53
477 52.03 113.30
478 62.13 129.49
479 64.45 177.29
480 53.01 158.39
481 59.34 150.48
482 50.17 127.32
483 50.35 137.02
484 48.27 135.06
485 46.58 142.42
486 43.10 131.56
487 41.01 28.58
488 38.25 27.09
489 39.56 32.52
490 38.43 35.30
491 39.45 37.02
492 39.55 41.17
493 37.55 40.14
494 37.01 35.18
495 36.12 37.10
496 34.44 36.43
497 33.30 36.18
498 33.53 35.30
499 31.57 35.56
500 32.50 35.00
501 32.04 34.46
502 31.46 35.14
503 24.28 39.36
504 21.30 39.12
505 21.27 39.49
506 15.23 44.12
507 14.48 42.57
508 12.45 45.12
509 14.32 49.08
510 23.37 58.35
511 25.18 55.18
512 25.17 51.32
513 26.13 50.35
514 24.38 46.43
515 29.20 47.59
516 30.30 47.47
517 33.21 44.25
518 35.28 44.28
519 36.20 43.08
520 38.05 46.18
521 37.16 49.36
522 35.40 51.26
523 34.19 47.04
524 30.20 48.16
525 32.40 51.38
526 29.36 52.32
527 30.17 57.05
528 36.18 59.36
529 34.20 62.12
530 31.32 65.30
531 34.31 69.12
532 33.36 73.04
533 31.35 74.18
534 31.25 73.05
535 30.11 71.29
536 30.12 67.00
537 27.42 68.52
538 25.22 68.22
539 24.52 67.03
540 30.19 78.02
541 28.40 77.13
542 26.17 73.02
543 26.55 75.49
544 26.28 80.21
545 25.20 83.00
546 25.36 85.07
547 22.32 88.22
548 23.02 72.37
549 21.09 79.06
550 20.30 85.50
551 18.58 72.50
552 17.23 78.29
553 17.42 83.18
554 15.21 75.10
555 12.59 77.35
556 13.05 80.17
557 10.49 78.41
558 9.56 78.07
559 6.56 79.51
560 27.43 85.19
561 27.28 89.39
562 23.43 90.25
563 22.20 91.50
564 22.00 96.05
565 16.47 96.10
566 18.47 98.59
567 19.52 102.08
568 17.58 102.36
569 21.02 105.51
570 16.28 107.36
571 16.04 108.13
572 10.45 106.40
573 11.33 104.55
574 13.45 100.31
575 5.25 100.20
576 3.10 101.42
577 1.17 103.51
578 3.35 98.40
579 -0.57 100.21
580 -2.55 104.45
581 -6.10 106.48
582 -6.54 107.36
583 -7.48 110.22
584 -7.15 112.45
585 -8.39 115.13
586 -10.10 123.35
587 -3.20 114.35
588 1.33 110.20
589 4.56 114.55
590 -0.30 117.09
591 -5.07 119.24
592 1.29 124.51
593 -3.43 128.12
594 -5.40 132.45
595 7.04 125.36
596 10.18 123.54
597 10.42 122.34
598 14.35 121.00
599 22.17 114.09
600 22.38 120.17
601 25.03 121.30
602 29.40 91.09
603 36.03 103.41
604 34.15 108.52
605 30.39 104.04
606 29.39 106.34
607 25.05 102.40
608 23.06 113.16
609 26.06 119.17
610 30.36 114.17
611 32.03 118.47
612 31.14 121.28
613 34.48 113.39
614 36.06 120.19
615 37.55 112.30
616 39.08 117.12
617 39.55 116.25
618 38.53 121.35
619 41.48 123.27
620 45.45 126.41
621 39.01 125.45
622 37.33 126.58
623 35.06 129.03
624 43.03 141.21
625 39.43 140.07
626 38.15 140.53
627 35.42 139.46
628 35.10 136.55
629 36.34 136.39
630 35.00 135.45
631 34.40 135.30
632 34.24 132.27
633 32.48 129.55
634 31.36 130.33
635 26.13 127.40
636 13.28 144.47
637 -2.32 140.42
638 -4.12 152.12
639 -9.30 147.10
640 -12.28 130.50
641 -31.56 115.50
642 -34.55 138.35
643 -37.49 144.58
644 -42.53 147.19
645 -33.52 151.13
646 -27.28 153.02
647 -19.16 146.48
648 -23.42 133.53
649 -45.52 170.30
650 -43.32 172.38
651 -41.18 174.47
652 -36.52 174.46
653 -21.08 -175.12
654 -14.16 -170.42
655 -18.08 178.25
656 -22.16 166.27
657 -9.26 159.57
658 -0.32 166.55
659 11.35 165.23
660 21.19 -157.52
661 1.52 -157.20
662 -9.45 -139.00
663 -17.32 -149.34
664 -25.04 -130.06
665 -27.07 -109.22
666 -90.00 0.00